date	FF	bankrate	mortgage	bond_aaa	tb10	inflation	realgdp
1945-01				2,69		2,3	
1945-02				2,65		2,3	
1945-03				2,62		2,3	
1945-04				2,61		1,7	
1945-05				2,62		2,3	
1945-06				2,61		2,8	
1945-07				2,6		2,3	
1945-08				2,61		2,3	
1945-09				2,62		2,3	
1945-10				2,62		2,3	
1945-11				2,62		2,3	
1945-12				2,61		2,2	
1946-01				2,54		2,2	
1946-02				2,48		1,7	
1946-03				2,47		2,8	
1946-04				2,46		3,4	
1946-05				2,51		3,4	
1946-06				2,49		3,3	
1946-07				2,48		9,4	
1946-08				2,51		11,6	
1946-09				2,58		12,7	
1946-10				2,6		14,9	
1946-11				2,59		17,7	
1946-12				2,61		18,1	
1947-01				2,57		18,1	1 570,5
1947-02				2,55		18,8	1 570,5
1947-03				2,55		19,7	1 570,5
1947-04				2,53		19	1 568,7
1947-05				2,53		18,4	1 568,7
1947-06				2,55		17,6	1 568,7
1947-07				2,55		12,1	1 568,0
1947-08				2,56		11,4	1 568,0
1947-09				2,61		12,7	1 568,0
1947-10				2,7		10,6	1 590,9
1947-11				2,77		8,5	1 590,9
1947-12				2,86		8,8	1 590,9
1948-01				2,86		10,2	1 616,1
1948-02				2,85		9,3	1 616,1
1948-03				2,83		6,8	1 616,1
1948-04				2,78		8,7	1 644,6
1948-05				2,76		9,1	1 644,6
1948-06				2,76		9,5	1 644,6
1948-07				2,81		9,9	1 654,1
1948-08				2,84		8,9	1 654,1
1948-09				2,84		6,5	1 654,1
1948-10				2,84		6,1	1 658,0
1948-11				2,84		4,8	1 658,0
1948-12				2,79		3	1 658,0
1949-01		2		2,71		1,3	1 633,2
1949-02		2		2,71		1,3	1 633,2
1949-03		2		2,7		1,7	1 633,2
1949-04		2		2,7		0,4	1 628,4
1949-05		2		2,71		-0,4	1 628,4
1949-06		2		2,71		-0,8	1 628,4
1949-07		2		2,67		-2,9	1 646,7
1949-08		2		2,62		-2,9	1 646,7
1949-09		2		2,6		-2,4	1 646,7
1949-10		2		2,61		-2,9	1 629,9
1949-11		2		2,6		-1,7	1 629,9
1949-12		2		2,58		-2,1	1 629,9
1950-01		2		2,57		-2,1	1 696,8
1950-02		2		2,58		-1,3	1 696,8
1950-03		2		2,58		-0,8	1 696,8
1950-04		2		2,6		-1,3	1 747,3
1950-05		2		2,61		-0,4	1 747,3
1950-06		2		2,62		-0,4	1 747,3
1950-07		2		2,65		1,7	1 815,8
1950-08		2		2,61		2,1	1 815,8
1950-09		2,08		2,64		2,1	1 815,8
1950-10		2,25		2,67		3,8	1 848,9
1950-11		2,25		2,67		3,8	1 848,9
1950-12		2,25		2,67		5,9	1 848,9
1951-01		2,44		2,66		8,1	1 871,3
1951-02		2,5		2,66		9,4	1 871,3
1951-03		2,5		2,78		9,3	1 871,3
1951-04		2,5		2,87		9,3	1 903,1
1951-05		2,5		2,89		9,3	1 903,1
1951-06		2,5		2,94		8,8	1 903,1
1951-07		2,5		2,94		7,5	1 941,1
1951-08		2,5		2,88		6,6	1 941,1
1951-09		2,5		2,84		7	1 941,1
1951-10		2,62		2,89		6,5	1 944,4
1951-11		2,75		2,96		6,9	1 944,4
1951-12		2,85		3,01		6	1 944,4
1952-01		3		2,98		4,3	1 964,7
1952-02		3		2,93		2,3	1 964,7
1952-03		3		2,96		1,9	1 964,7
1952-04		3		2,93		2,3	1 966,0
1952-05		3		2,93		1,9	1 966,0
1952-06		3		2,94		2,3	1 966,0
1952-07		3		2,95		3,1	1 978,8
1952-08		3		2,94		3,1	1 978,8
1952-09		3		2,95		2,3	1 978,8
1952-10		3		3,01		1,9	2 043,8
1952-11		3		2,98		1,1	2 043,8
1952-12		3		2,97		0,8	2 043,8
1953-01		3		3,02		0,4	2 082,3
1953-02		3		3,07		0,8	2 082,3
1953-03		3		3,12		1,1	2 082,3
1953-04		3,03		3,23	2,83	0,8	2 098,1
1953-05		3,25		3,34	3,05	1,1	2 098,1
1953-06		3,25		3,4	3,11	1,1	2 098,1
1953-07		3,25		3,28	2,93	0,4	2 085,4
1953-08		3,25		3,24	2,95	0,7	2 085,4
1953-09		3,25		3,29	2,87	0,7	2 085,4
1953-10		3,25		3,16	2,66	1,1	2 052,5
1953-11		3,25		3,11	2,68	0,7	2 052,5
1953-12		3,25		3,13	2,59	0,7	2 052,5
1954-01		3,25		3,06	2,48	1,1	2 042,4
1954-02		3,25		2,95	2,47	1,5	2 042,4
1954-03		3,13		2,86	2,37	1,1	2 042,4
1954-04		3		2,85	2,29	0,8	2 044,3
1954-05		3		2,88	2,37	0,7	2 044,3
1954-06		3		2,9	2,38	0,4	2 044,3
1954-07	0,8	3		2,89	2,3	0,4	2 066,9
1954-08	1,22	3		2,87	2,36	0	2 066,9
1954-09	1,06	3		2,89	2,38	-0,4	2 066,9
1954-10	0,85	3		2,87	2,43	-0,7	2 107,8
1954-11	0,83	3		2,89	2,48	-0,4	2 107,8
1954-12	1,28	3		2,9	2,51	-0,7	2 107,8
1955-01	1,39	3		2,93	2,61	-0,7	2 168,5
1955-02	1,29	3		2,93	2,65	-0,7	2 168,5
1955-03	1,35	3		3,02	2,68	-0,7	2 168,5
1955-04	1,43	3		3,01	2,75	-0,4	2 204,0
1955-05	1,43	3		3,04	2,76	-0,7	2 204,0
1955-06	1,64	3		3,05	2,78	-0,7	2 204,0
1955-07	1,68	3		3,06	2,9	-0,4	2 233,4
1955-08	1,96	3,23		3,11	2,97	-0,4	2 233,4
1955-09	2,18	3,25		3,13	2,97	0,4	2 233,4
1955-10	2,24	3,4		3,1	2,88	0,4	2 245,3
1955-11	2,35	3,5		3,1	2,89	0,4	2 245,3
1955-12	2,48	3,5		3,15	2,96	0,4	2 245,3
1956-01	2,45	3,5		3,11	2,9	0,4	2 234,8
1956-02	2,5	3,5		3,08	2,84	0,4	2 234,8
1956-03	2,5	3,5		3,1	2,96	0,4	2 234,8
1956-04	2,62	3,65		3,24	3,18	0,7	2 252,5
1956-05	2,75	3,75		3,28	3,07	1,1	2 252,5
1956-06	2,71	3,75		3,26	3	1,9	2 252,5
1956-07	2,75	3,75		3,28	3,11	2,2	2 249,8
1956-08	2,73	3,84		3,43	3,33	1,9	2 249,8
1956-09	2,95	4		3,56	3,38	1,9	2 249,8
1956-10	2,96	4		3,59	3,34	2,2	2 286,5
1956-11	2,88	4		3,69	3,49	2,2	2 286,5
1956-12	2,94	4		3,75	3,59	3	2 286,5
1957-01	2,84	4		3,77	3,46	3	2 300,3
1957-02	3	4		3,67	3,34	3,4	2 300,3
1957-03	2,96	4		3,66	3,41	3,7	2 300,3
1957-04	3	4		3,67	3,48	3,7	2 294,6
1957-05	3	4		3,74	3,6	3,7	2 294,6
1957-06	3	4		3,91	3,8	3,3	2 294,6
1957-07	2,99	4		3,99	3,93	3,3	2 317,0
1957-08	3,24	4,42		4,1	3,93	3,7	2 317,0
1957-09	3,47	4,5		4,12	3,92	3,3	2 317,0
1957-10	3,5	4,5		4,1	3,97	2,9	2 292,5
1957-11	3,28	4,5		4,08	3,72	3,3	2 292,5
1957-12	2,98	4,5		3,81	3,21	2,9	2 292,5
1958-01	2,72	4,34		3,6	3,09	3,6	2 230,2
1958-02	1,67	4		3,59	3,05	3,2	2 230,2
1958-03	1,2	4		3,63	2,98	3,6	2 230,2
1958-04	1,26	3,83		3,6	2,88	3,6	2 243,4
1958-05	0,63	3,5		3,57	2,92	3,2	2 243,4
1958-06	0,93	3,5		3,57	2,97	2,8	2 243,4
1958-07	0,68	3,5		3,67	3,2	2,5	2 295,2
1958-08	1,53	3,5		3,85	3,54	2,1	2 295,2
1958-09	1,76	3,83		4,09	3,76	2,1	2 295,2
1958-10	1,8	4		4,11	3,8	2,1	2 348,0
1958-11	2,27	4		4,09	3,74	2,1	2 348,0
1958-12	2,42	4		4,08	3,86	1,8	2 348,0
1959-01	2,48	4		4,12	4,02	1,4	2 392,9
1959-02	2,43	4		4,14	3,96	1	2 392,9
1959-03	2,8	4		4,13	3,99	0,3	2 392,9
1959-04	2,96	4		4,23	4,12	0,3	2 455,8
1959-05	2,9	4,23		4,37	4,31	0,3	2 455,8
1959-06	3,39	4,5		4,46	4,34	0,7	2 455,8
1959-07	3,47	4,5		4,47	4,4	0,7	2 453,9
1959-08	3,5	4,5		4,43	4,43	1	2 453,9
1959-09	3,76	5		4,52	4,68	1,4	2 453,9
1959-10	3,98	5		4,57	4,53	1,7	2 462,6
1959-11	4	5		4,56	4,53	1,4	2 462,6
1959-12	3,99	5		4,58	4,69	1,7	2 462,6
1960-01	3,99	5		4,61	4,72	1	2 517,4
1960-02	3,97	5		4,56	4,49	1,7	2 517,4
1960-03	3,84	5		4,49	4,25	1,7	2 517,4
1960-04	3,92	5		4,45	4,28	1,7	2 504,8
1960-05	3,85	5		4,46	4,35	1,7	2 504,8
1960-06	3,32	5		4,45	4,15	1,7	2 504,8
1960-07	3,23	5		4,41	3,9	1,4	2 508,7
1960-08	2,98	4,85		4,28	3,8	1,4	2 508,7
1960-09	2,6	4,5		4,25	3,8	1	2 508,7
1960-10	2,47	4,5		4,3	3,89	1,4	2 476,2
1960-11	2,44	4,5		4,31	3,93	1,4	2 476,2
1960-12	1,98	4,5		4,35	3,84	1,4	2 476,2
1961-01	1,45	4,5		4,32	3,84	1,7	2 491,2
1961-02	2,54	4,5		4,27	3,78	1,4	2 491,2
1961-03	2,02	4,5		4,22	3,74	1,4	2 491,2
1961-04	1,49	4,5		4,25	3,78	1	2 538,0
1961-05	1,98	4,5		4,27	3,71	1	2 538,0
1961-06	1,73	4,5		4,33	3,88	0,7	2 538,0
1961-07	1,17	4,5		4,41	3,92	1,4	2 579,1
1961-08	2	4,5		4,45	4,04	1	2 579,1
1961-09	1,88	4,5		4,45	3,98	1,4	2 579,1
1961-10	2,26	4,5		4,42	3,92	0,7	2 631,8
1961-11	2,61	4,5		4,39	3,94	0,7	2 631,8
1961-12	2,33	4,5		4,42	4,06	0,7	2 631,8
1962-01	2,15	4,5		4,42	4,08	0,7	2 679,1
1962-02	2,37	4,5		4,42	4,04	1	2 679,1
1962-03	2,85	4,5		4,39	3,93	1	2 679,1
1962-04	2,78	4,5		4,33	3,84	1,3	2 708,4
1962-05	2,36	4,5		4,28	3,87	1,3	2 708,4
1962-06	2,68	4,5		4,28	3,91	1,3	2 708,4
1962-07	2,71	4,5		4,34	4,01	1	2 733,3
1962-08	2,93	4,5		4,35	3,98	1,3	2 733,3
1962-09	2,9	4,5		4,32	3,98	1,3	2 733,3
1962-10	2,9	4,5		4,28	3,93	1,3	2 740,0
1962-11	2,94	4,5		4,25	3,92	1,3	2 740,0
1962-12	2,93	4,5		4,24	3,86	1,3	2 740,0
1963-01	2,92	4,5		4,21	3,83	1,3	2 775,9
1963-02	3	4,5		4,19	3,92	1	2 775,9
1963-03	2,98	4,5		4,19	3,93	1,3	2 775,9
1963-04	2,9	4,5		4,21	3,97	1	2 810,6
1963-05	3	4,5		4,22	3,93	1	2 810,6
1963-06	2,99	4,5		4,23	3,99	1,3	2 810,6
1963-07	3,02	4,5		4,26	4,02	1,3	2 863,5
1963-08	3,49	4,5		4,29	4	1,3	2 863,5
1963-09	3,48	4,5		4,31	4,08	1	2 863,5
1963-10	3,5	4,5		4,32	4,11	1,3	2 885,8
1963-11	3,48	4,5		4,33	4,12	1,3	2 885,8
1963-12	3,38	4,5		4,35	4,13	1,6	2 885,8
1964-01	3,48	4,5		4,39	4,17	1,6	2 950,5
1964-02	3,48	4,5		4,36	4,15	1,6	2 950,5
1964-03	3,43	4,5		4,38	4,22	1,3	2 950,5
1964-04	3,47	4,5		4,4	4,23	1,3	2 984,8
1964-05	3,5	4,5		4,41	4,2	1,3	2 984,8
1964-06	3,5	4,5		4,41	4,17	1,3	2 984,8
1964-07	3,42	4,5		4,4	4,19	1,3	3 025,5
1964-08	3,5	4,5		4,41	4,19	1	3 025,5
1964-09	3,45	4,5		4,42	4,2	1,3	3 025,5
1964-10	3,36	4,5		4,42	4,19	1	3 033,6
1964-11	3,52	4,5		4,43	4,15	1,3	3 033,6
1964-12	3,85	4,5		4,44	4,18	1	3 033,6
1965-01	3,9	4,5		4,43	4,19	1	3 108,2
1965-02	3,98	4,5		4,41	4,21	1	3 108,2
1965-03	4,04	4,5		4,42	4,21	1,3	3 108,2
1965-04	4,09	4,5		4,43	4,2	1,6	3 150,2
1965-05	4,1	4,5		4,44	4,21	1,6	3 150,2
1965-06	4,04	4,5		4,46	4,21	1,9	3 150,2
1965-07	4,09	4,5		4,48	4,2	1,6	3 214,1
1965-08	4,12	4,5		4,49	4,25	1,9	3 214,1
1965-09	4,01	4,5		4,52	4,29	1,6	3 214,1
1965-10	4,08	4,5		4,56	4,35	1,9	3 291,8
1965-11	4,1	4,5		4,6	4,45	1,6	3 291,8
1965-12	4,32	4,92		4,68	4,62	1,9	3 291,8
1966-01	4,42	5		4,74	4,61	1,9	3 372,3
1966-02	4,6	5		4,78	4,83	2,6	3 372,3
1966-03	4,65	5,35		4,92	4,87	2,6	3 372,3
1966-04	4,67	5,5		4,96	4,75	2,9	3 384,0
1966-05	4,9	5,5		4,98	4,78	2,9	3 384,0
1966-06	5,17	5,52		5,07	4,81	2,5	3 384,0
1966-07	5,3	5,75		5,16	5,02	2,8	3 406,3
1966-08	5,53	5,88		5,31	5,22	3,5	3 406,3
1966-09	5,4	6		5,49	5,18	3,5	3 406,3
1966-10	5,53	6		5,41	5,01	3,8	3 433,7
1966-11	5,76	6		5,35	5,16	3,8	3 433,7
1966-12	5,4	6		5,39	4,84	3,5	3 433,7
1967-01	4,94	5,96		5,2	4,58	3,5	3 464,1
1967-02	5	5,75		5,03	4,63	2,8	3 464,1
1967-03	4,53	5,71		5,13	4,54	2,8	3 464,1
1967-04	4,05	5,5		5,11	4,59	2,5	3 464,3
1967-05	3,94	5,5		5,24	4,85	2,8	3 464,3
1967-06	3,98	5,5		5,44	5,02	2,8	3 464,3
1967-07	3,79	5,5		5,58	5,16	2,8	3 491,8
1967-08	3,9	5,5		5,62	5,28	2,4	3 491,8
1967-09	3,99	5,5		5,65	5,3	2,8	3 491,8
1967-10	3,88	5,5		5,82	5,48	2,4	3 518,2
1967-11	4,13	5,68		6,07	5,75	2,7	3 518,2
1967-12	4,51	6		6,19	5,7	3	3 518,2
1968-01	4,6	6		6,17	5,53	3,6	3 590,7
1968-02	4,71	6		6,1	5,56	4	3 590,7
1968-03	5,05	6		6,11	5,74	3,9	3 590,7
1968-04	5,76	6,2		6,21	5,64	3,9	3 651,6
1968-05	6,11	6,5		6,27	5,87	3,9	3 651,6
1968-06	6,07	6,5		6,28	5,72	4,2	3 651,6
1968-07	6,02	6,5		6,24	5,5	4,5	3 676,5
1968-08	6,03	6,5		6,02	5,42	4,5	3 676,5
1968-09	5,78	6,45		5,97	5,46	4,5	3 676,5
1968-10	5,91	6,25		6,09	5,58	4,7	3 692,0
1968-11	5,82	6,25		6,19	5,7	4,7	3 692,0
1968-12	6,02	6,6		6,45	6,03	4,7	3 692,0
1969-01	6,3	6,95		6,59	6,04	4,4	3 750,2
1969-02	6,61	7		6,66	6,19	4,7	3 750,2
1969-03	6,79	7,24		6,85	6,3	5,2	3 750,2
1969-04	7,41	7,5		6,89	6,17	5,5	3 760,9
1969-05	8,67	7,5		6,79	6,32	5,5	3 760,9
1969-06	8,9	8,23		6,98	6,57	5,5	3 760,9
1969-07	8,61	8,5		7,08	6,72	5,4	3 784,2
1969-08	9,19	8,5		6,97	6,69	5,7	3 784,2
1969-09	9,15	8,5		7,14	7,16	5,7	3 784,2
1969-10	9	8,5		7,33	7,1	5,7	3 766,3
1969-11	8,85	8,5		7,35	7,14	5,9	3 766,3
1969-12	8,97	8,5		7,72	7,65	6,2	3 766,3
1970-01	8,98	8,5		7,91	7,79	6,2	3 760,0
1970-02	8,98	8,5		7,93	7,24	6,1	3 760,0
1970-03	7,76	8,39		7,84	7,07	5,8	3 760,0
1970-04	8,1	8		7,83	7,39	6,1	3 767,1
1970-05	7,94	8		8,11	7,91	6	3 767,1
1970-06	7,6	8		8,48	7,84	6	3 767,1
1970-07	7,21	8		8,44	7,46	6	3 800,5
1970-08	6,61	8		8,13	7,53	5,4	3 800,5
1970-09	6,29	7,83		8,09	7,39	5,7	3 800,5
1970-10	6,2	7,5		8,03	7,33	5,6	3 759,8
1970-11	5,6	7,28		8,05	6,84	5,6	3 759,8
1970-12	4,9	6,92		7,64	6,39	5,6	3 759,8
1971-01	4,14	6,29		7,36	6,24	5,3	3 864,1
1971-02	3,72	5,88		7,08	6,11	5	3 864,1
1971-03	3,71	5,44		7,21	5,7	4,7	3 864,1
1971-04	4,15	5,28	7,31	7,25	5,83	4,2	3 885,9
1971-05	4,63	5,46	7,43	7,53	6,39	4,4	3 885,9
1971-06	4,91	5,5	7,53	7,64	6,52	4,6	3 885,9
1971-07	5,31	5,91	7,6	7,64	6,73	4,4	3 916,7
1971-08	5,56	6	7,7	7,59	6,58	4,6	3 916,7
1971-09	5,55	6	7,69	7,44	6,14	4,1	3 916,7
1971-10	5,2	5,9	7,63	7,39	5,93	3,8	3 927,9
1971-11	4,91	5,53	7,55	7,26	5,81	3,3	3 927,9
1971-12	4,14	5,49	7,48	7,25	5,93	3,3	3 927,9
1972-01	3,5	5,18	7,44	7,19	5,95	3,3	3 997,7
1972-02	3,29	4,75	7,33	7,27	6,08	3,5	3 997,7
1972-03	3,83	4,75	7,3	7,24	6,07	3,5	3 997,7
1972-04	4,17	4,97	7,29	7,3	6,19	3,5	4 092,1
1972-05	4,27	5	7,37	7,3	6,13	3,2	4 092,1
1972-06	4,46	5,04	7,37	7,23	6,11	2,7	4 092,1
1972-07	4,55	5,25	7,4	7,21	6,11	2,9	4 131,1
1972-08	4,8	5,27	7,4	7,19	6,21	2,9	4 131,1
1972-09	4,87	5,5	7,42	7,22	6,55	3,2	4 131,1
1972-10	5,04	5,73	7,42	7,21	6,48	3,4	4 198,7
1972-11	5,06	5,75	7,43	7,12	6,28	3,7	4 198,7
1972-12	5,33	5,79	7,44	7,08	6,36	3,4	4 198,7
1973-01	5,94	6	7,44	7,15	6,46	3,6	4 305,3
1973-02	6,58	6,02	7,44	7,22	6,64	3,9	4 305,3
1973-03	7,09	6,3	7,46	7,29	6,71	4,6	4 305,3
1973-04	7,12	6,61	7,54	7,26	6,67	5,1	4 355,1
1973-05	7,84	7,01	7,65	7,29	6,85	5,5	4 355,1
1973-06	8,49	7,49	7,73	7,37	6,9	6	4 355,1
1973-07	10,4	8,3	8,05	7,45	7,13	5,7	4 331,9
1973-08	10,5	9,23	8,5	7,68	7,4	7,4	4 331,9
1973-09	10,78	9,86	8,82	7,63	7,09	7,4	4 331,9
1973-10	10,01	9,94	8,77	7,6	6,79	7,8	4 373,3
1973-11	10,03	9,75	8,58	7,67	6,73	8,3	4 373,3
1973-12	9,95	9,75	8,54	7,68	6,74	8,7	4 373,3
1974-01	9,65	9,73	8,54	7,83	6,99	9,4	4 335,4
1974-02	8,97	9,21	8,46	7,85	6,96	10	4 335,4
1974-03	9,35	8,85	8,41	8,01	7,21	10,4	4 335,4
1974-04	10,51	10,02	8,58	8,25	7,51	10,1	4 347,9
1974-05	11,31	11,25	8,97	8,37	7,58	10,7	4 347,9
1974-06	11,93	11,54	9,09	8,47	7,54	10,9	4 347,9
1974-07	12,92	11,97	9,28	8,72	7,81	11,5	4 305,8
1974-08	12,01	12	9,59	9	8,04	10,9	4 305,8
1974-09	11,34	12	9,96	9,24	8,04	11,9	4 305,8
1974-10	10,06	11,68	9,98	9,27	7,9	12,1	4 288,9
1974-11	9,45	10,83	9,79	8,89	7,68	12,2	4 288,9
1974-12	8,53	10,5	9,62	8,89	7,43	12,3	4 288,9
1975-01	7,13	10,05	9,43	8,83	7,5	11,8	4 237,6
1975-02	6,24	8,96	9,11	8,62	7,39	11,2	4 237,6
1975-03	5,54	7,93	8,9	8,67	7,73	10,3	4 237,6
1975-04	5,49	7,5	8,82	8,95	8,23	10,2	4 268,6
1975-05	5,22	7,4	8,91	8,9	8,06	9,5	4 268,6
1975-06	5,55	7,07	8,89	8,77	7,86	9,4	4 268,6
1975-07	6,1	7,15	8,89	8,84	8,06	9,7	4 340,9
1975-08	6,14	7,66	8,94	8,95	8,4	8,6	4 340,9
1975-09	6,24	7,88	9,13	8,95	8,43	7,9	4 340,9
1975-10	5,82	7,96	9,22	8,86	8,14	7,4	4 397,8
1975-11	5,22	7,53	9,15	8,78	8,05	7,4	4 397,8
1975-12	5,2	7,26	9,1	8,79	8	6,9	4 397,8
1976-01	4,87	7	9,02	8,6	7,74	6,7	4 496,8
1976-02	4,77	6,75	8,81	8,55	7,79	6,3	4 496,8
1976-03	4,84	6,75	8,76	8,52	7,73	6,1	4 496,8
1976-04	4,82	6,75	8,73	8,4	7,56	6	4 530,3
1976-05	5,29	6,75	8,77	8,58	7,9	6,2	4 530,3
1976-06	5,48	7,2	8,85	8,62	7,86	6	4 530,3
1976-07	5,31	7,25	8,93	8,56	7,83	5,4	4 552,0
1976-08	5,29	7,01	9	8,45	7,77	5,7	4 552,0
1976-09	5,25	7	8,98	8,38	7,59	5,5	4 552,0
1976-10	5,02	6,77	8,93	8,32	7,41	5,5	4 584,6
1976-11	4,95	6,5	8,81	8,25	7,29	4,9	4 584,6
1976-12	4,65	6,35	8,79	7,98	6,87	4,9	4 584,6
1977-01	4,61	6,25	8,72	7,96	7,21	5,2	4 640,0
1977-02	4,68	6,25	8,67	8,04	7,39	5,9	4 640,0
1977-03	4,69	6,25	8,69	8,1	7,46	6,4	4 640,0
1977-04	4,73	6,25	8,75	8,04	7,37	7	4 731,1
1977-05	5,35	6,41	8,82	8,05	7,46	6,7	4 731,1
1977-06	5,39	6,75	8,86	7,95	7,28	6,9	4 731,1
1977-07	5,42	6,75	8,94	7,94	7,33	6,8	4 815,8
1977-08	5,9	6,83	8,94	7,98	7,4	6,6	4 815,8
1977-09	6,14	7,13	8,9	7,92	7,34	6,6	4 815,8
1977-10	6,47	7,52	8,91	8,04	7,52	6,4	4 815,3
1977-11	6,51	7,75	8,92	8,08	7,58	6,7	4 815,3
1977-12	6,56	7,75	8,96	8,19	7,69	6,7	4 815,3
1978-01	6,7	7,93	9,02	8,41	7,96	6,8	4 830,8
1978-02	6,78	8	9,16	8,47	8,03	6,4	4 830,8
1978-03	6,79	8	9,2	8,47	8,04	6,6	4 830,8
1978-04	6,89	8	9,36	8,56	8,15	6,5	5 021,2
1978-05	7,36	8,27	9,58	8,69	8,35	7	5 021,2
1978-06	7,6	8,63	9,71	8,76	8,46	7,4	5 021,2
1978-07	7,81	9	9,74	8,88	8,64	7,7	5 070,7
1978-08	8,04	9,01	9,78	8,69	8,41	7,8	5 070,7
1978-09	8,45	9,41	9,76	8,69	8,42	8,3	5 070,7
1978-10	8,96	9,94	9,86	8,89	8,64	8,9	5 137,4
1978-11	9,76	10,94	10,11	9,03	8,81	8,9	5 137,4
1978-12	10,03	11,55	10,35	9,16	9,01	9	5 137,4
1979-01	10,07	11,75	10,39	9,25	9,1	9,3	5 147,4
1979-02	10,06	11,75	10,41	9,26	9,1	9,9	5 147,4
1979-03	10,09	11,75	10,43	9,37	9,12	10,1	5 147,4
1979-04	10,01	11,75	10,5	9,38	9,18	10,5	5 152,3
1979-05	10,24	11,75	10,69	9,5	9,25	10,9	5 152,3
1979-06	10,29	11,65	11,04	9,29	8,91	10,9	5 152,3
1979-07	10,47	11,54	11,09	9,2	8,95	11,3	5 189,4
1979-08	10,94	11,91	11,09	9,23	9,03	11,8	5 189,4
1979-09	11,43	12,9	11,3	9,44	9,33	12,2	5 189,4
1979-10	13,77	14,39	11,64	10,13	10,3	12,1	5 204,7
1979-11	13,18	15,55	12,83	10,76	10,65	12,6	5 204,7
1979-12	13,78	15,3	12,9	10,74	10,39	13,3	5 204,7
1980-01	13,82	15,25	12,88	11,09	10,8	13,9	5 221,3
1980-02	14,13	15,63	13,04	12,38	12,41	14,2	5 221,3
1980-03	17,19	18,31	15,28	12,96	12,75	14,8	5 221,3
1980-04	17,61	19,77	16,33	12,04	11,47	14,7	5 115,9
1980-05	10,98	16,57	14,26	10,99	10,18	14,4	5 115,9
1980-06	9,47	12,63	12,71	10,58	9,78	14,4	5 115,9
1980-07	9,03	11,48	12,19	11,07	10,25	13,1	5 107,4
1980-08	9,61	11,12	12,56	11,64	11,1	12,9	5 107,4
1980-09	10,87	12,23	13,2	12,02	11,51	12,6	5 107,4
1980-10	12,81	13,79	13,79	12,31	11,75	12,8	5 202,1
1980-11	15,85	16,06	14,21	12,97	12,68	12,6	5 202,1
1980-12	18,9	20,35	14,79	13,21	12,84	12,5	5 202,1
1981-01	19,08	20,16	14,9	12,81	12,57	11,8	5 307,5
1981-02	15,93	19,43	15,13	13,35	13,19	11,4	5 307,5
1981-03	14,7	18,05	15,4	13,33	13,12	10,5	5 307,5
1981-04	15,72	17,15	15,58	13,88	13,68	10	5 266,1
1981-05	18,52	19,61	16,4	14,32	14,1	9,8	5 266,1
1981-06	19,1	20,03	16,7	13,75	13,47	9,6	5 266,1
1981-07	19,04	20,39	16,83	14,38	14,28	10,8	5 329,8
1981-08	17,82	20,5	17,29	14,89	14,94	10,8	5 329,8
1981-09	15,87	20,08	18,16	15,49	15,32	11	5 329,8
1981-10	15,08	18,45	18,45	15,4	15,15	10,1	5 263,4
1981-11	13,31	16,84	17,83	14,22	13,39	9,6	5 263,4
1981-12	12,37	15,75	16,92	14,23	13,72	8,9	5 263,4
1982-01	13,22	15,75	17,4	15,18	14,59	8,4	5 177,1
1982-02	14,78	16,56	17,6	15,27	14,43	7,6	5 177,1
1982-03	14,68	16,5	17,16	14,58	13,86	6,8	5 177,1
1982-04	14,94	16,5	16,89	14,46	13,87	6,5	5 204,9
1982-05	14,45	16,5	16,68	14,26	13,62	6,7	5 204,9
1982-06	14,15	16,5	16,7	14,81	14,3	7,1	5 204,9
1982-07	12,59	16,26	16,82	14,61	13,95	6,4	5 185,2
1982-08	10,12	14,39	16,27	13,71	13,06	5,9	5 185,2
1982-09	10,31	13,5	15,43	12,94	12,34	5	5 185,2
1982-10	9,71	12,52	14,61	12,12	10,91	5,1	5 189,8
1982-11	9,2	11,85	13,83	11,68	10,55	4,6	5 189,8
1982-12	8,95	11,5	13,62	11,83	10,54	3,8	5 189,8
1983-01	8,68	11,16	13,25	11,79	10,46	3,7	5 253,8
1983-02	8,51	10,98	13,04	12,01	10,72	3,5	5 253,8
1983-03	8,77	10,5	12,8	11,73	10,51	3,6	5 253,8
1983-04	8,8	10,5	12,78	11,51	10,4	3,9	5 372,3
1983-05	8,63	10,5	12,63	11,46	10,38	3,5	5 372,3
1983-06	8,98	10,5	12,87	11,74	10,85	2,6	5 372,3
1983-07	9,37	10,5	13,42	12,15	11,38	2,5	5 478,4
1983-08	9,56	10,89	13,81	12,51	11,85	2,6	5 478,4
1983-09	9,45	11	13,73	12,37	11,65	2,9	5 478,4
1983-10	9,48	11	13,54	12,25	11,54	2,9	5 590,5
1983-11	9,34	11	13,44	12,41	11,69	3,3	5 590,5
1983-12	9,47	11	13,42	12,57	11,83	3,8	5 590,5
1984-01	9,56	11	13,37	12,2	11,67	4,2	5 699,8
1984-02	9,59	11	13,23	12,08	11,84	4,6	5 699,8
1984-03	9,91	11,21	13,39	12,57	12,32	4,8	5 699,8
1984-04	10,29	11,93	13,65	12,81	12,63	4,6	5 797,9
1984-05	10,32	12,39	13,94	13,28	13,41	4,2	5 797,9
1984-06	11,06	12,6	14,42	13,55	13,56	4,2	5 797,9
1984-07	11,23	13	14,67	13,44	13,36	4,2	5 854,3
1984-08	11,64	13	14,47	12,87	12,72	4,3	5 854,3
1984-09	11,3	12,97	14,35	12,66	12,52	4,3	5 854,3
1984-10	9,99	12,58	14,13	12,63	12,16	4,3	5 902,4
1984-11	9,43	11,77	13,64	12,29	11,57	4,1	5 902,4
1984-12	8,38	11,06	13,18	12,13	11,5	3,9	5 902,4
1985-01	8,35	10,61	13,08	12,08	11,38	3,5	5 956,9
1985-02	8,5	10,5	12,92	12,13	11,51	3,5	5 956,9
1985-03	8,58	10,5	13,17	12,56	11,86	3,7	5 956,9
1985-04	8,27	10,5	13,2	12,23	11,43	3,7	6 007,8
1985-05	7,97	10,31	12,91	11,72	10,85	3,8	6 007,8
1985-06	7,53	9,78	12,22	10,94	10,16	3,8	6 007,8
1985-07	7,88	9,5	12,03	10,97	10,31	3,6	6 101,7
1985-08	7,9	9,5	12,19	11,05	10,33	3,3	6 101,7
1985-09	7,92	9,5	12,19	11,07	10,37	3,1	6 101,7
1985-10	7,99	9,5	12,14	11,02	10,24	3,2	6 148,6
1985-11	8,05	9,5	11,78	10,55	9,78	3,5	6 148,6
1985-12	8,27	9,5	11,26	10,16	9,26	3,8	6 148,6
1986-01	8,14	9,5	10,88	10,05	9,19	3,9	6 207,4
1986-02	7,86	9,5	10,71	9,67	8,7	3,1	6 207,4
1986-03	7,48	9,1	10,08	9	7,78	2,3	6 207,4
1986-04	6,99	8,83	9,94	8,79	7,3	1,6	6 232,0
1986-05	6,85	8,5	10,14	9,09	7,71	1,5	6 232,0
1986-06	6,92	8,5	10,68	9,13	7,8	1,8	6 232,0
1986-07	6,56	8,16	10,51	8,88	7,3	1,6	6 291,7
1986-08	6,17	7,9	10,2	8,72	7,17	1,6	6 291,7
1986-09	5,89	7,5	10,01	8,89	7,45	1,8	6 291,7
1986-10	5,85	7,5	9,97	8,86	7,43	1,5	6 323,4
1986-11	6,04	7,5	9,7	8,68	7,25	1,3	6 323,4
1986-12	6,91	7,5	9,31	8,49	7,11	1,1	6 323,4
1987-01	6,43	7,5	9,2	8,36	7,08	1,5	6 365,0
1987-02	6,1	7,5	9,08	8,38	7,25	2,1	6 365,0
1987-03	6,13	7,5	9,04	8,36	7,25	3	6 365,0
1987-04	6,37	7,75	9,83	8,85	8,02	3,8	6 435,0
1987-05	6,85	8,14	10,6	9,33	8,61	3,9	6 435,0
1987-06	6,73	8,25	10,54	9,32	8,4	3,7	6 435,0
1987-07	6,58	8,25	10,28	9,42	8,45	3,9	6 493,4
1987-08	6,73	8,25	10,33	9,67	8,76	4,3	6 493,4
1987-09	7,22	8,7	10,89	10,18	9,42	4,4	6 493,4
1987-10	7,29	9,07	11,26	10,52	9,52	4,5	6 606,8
1987-11	6,69	8,78	10,65	10,01	8,86	4,5	6 606,8
1987-12	6,77	8,75	10,65	10,11	8,99	4,4	6 606,8
1988-01	6,83	8,75	10,43	9,88	8,67	4	6 639,1
1988-02	6,58	8,51	9,89	9,4	8,21	3,9	6 639,1
1988-03	6,58	8,5	9,93	9,39	8,37	3,9	6 639,1
1988-04	6,87	8,5	10,2	9,67	8,72	3,9	6 723,5
1988-05	7,09	8,84	10,46	9,9	9,09	3,9	6 723,5
1988-06	7,51	9	10,46	9,86	8,92	4	6 723,5
1988-07	7,75	9,29	10,43	9,96	9,06	4,1	6 759,4
1988-08	8,01	9,84	10,6	10,11	9,26	4	6 759,4
1988-09	8,19	10	10,48	9,82	8,98	4,2	6 759,4
1988-10	8,3	10	10,3	9,51	8,8	4,2	6 848,6
1988-11	8,35	10,05	10,27	9,45	8,96	4,2	6 848,6
1988-12	8,76	10,5	10,61	9,57	9,11	4,4	6 848,6
1989-01	9,12	10,5	10,73	9,62	9,09	4,7	6 918,1
1989-02	9,36	10,93	10,65	9,64	9,17	4,8	6 918,1
1989-03	9,85	11,5	11,03	9,8	9,36	5	6 918,1
1989-04	9,84	11,5	11,05	9,79	9,18	5,1	6 963,5
1989-05	9,81	11,5	10,77	9,57	8,86	5,4	6 963,5
1989-06	9,53	11,07	10,2	9,1	8,28	5,2	6 963,5
1989-07	9,24	10,98	9,88	8,93	8,02	5	7 013,1
1989-08	8,99	10,5	9,99	8,96	8,11	4,7	7 013,1
1989-09	9,02	10,5	10,13	9,01	8,19	4,3	7 013,1
1989-10	8,84	10,5	9,95	8,92	8,01	4,5	7 030,9
1989-11	8,55	10,5	9,77	8,89	7,87	4,7	7 030,9
1989-12	8,45	10,5	9,74	8,86	7,84	4,6	7 030,9
1990-01	8,23	10,11	9,9	8,99	8,21	5,2	7 112,1
1990-02	8,24	10	10,2	9,22	8,47	5,3	7 112,1
1990-03	8,28	10	10,27	9,37	8,59	5,2	7 112,1
1990-04	8,26	10	10,37	9,46	8,79	4,7	7 130,3
1990-05	8,18	10	10,48	9,47	8,76	4,4	7 130,3
1990-06	8,29	10	10,16	9,26	8,48	4,7	7 130,3
1990-07	8,15	10	10,04	9,24	8,47	4,8	7 130,8
1990-08	8,13	10	10,1	9,41	8,75	5,6	7 130,8
1990-09	8,2	10	10,18	9,56	8,89	6,2	7 130,8
1990-10	8,11	10	10,18	9,53	8,72	6,3	7 076,9
1990-11	7,81	10	10,01	9,3	8,39	6,3	7 076,9
1990-12	7,31	10	9,67	9,05	8,08	6,1	7 076,9
1991-01	6,91	9,52	9,64	9,04	8,09	5,7	7 040,8
1991-02	6,25	9,05	9,37	8,83	7,85	5,3	7 040,8
1991-03	6,12	9	9,5	8,93	8,11	4,9	7 040,8
1991-04	5,91	9	9,49	8,86	8,04	4,9	7 086,5
1991-05	5,78	8,5	9,47	8,86	8,07	5	7 086,5
1991-06	5,9	8,5	9,62	9,01	8,28	4,7	7 086,5
1991-07	5,82	8,5	9,57	9	8,27	4,4	7 120,7
1991-08	5,66	8,5	9,24	8,75	7,9	3,8	7 120,7
1991-09	5,45	8,2	9,01	8,61	7,65	3,4	7 120,7
1991-10	5,21	8	8,86	8,55	7,53	2,9	7 154,1
1991-11	4,81	7,58	8,71	8,48	7,42	3	7 154,1
1991-12	4,43	7,21	8,5	8,31	7,09	3,1	7 154,1
1992-01	4,03	6,5	8,43	8,2	7,03	2,6	7 228,2
1992-02	4,06	6,5	8,76	8,29	7,34	2,8	7 228,2
1992-03	3,98	6,5	8,94	8,35	7,54	3,2	7 228,2
1992-04	3,73	6,5	8,85	8,33	7,48	3,2	7 297,9
1992-05	3,82	6,5	8,67	8,28	7,39	3	7 297,9
1992-06	3,76	6,5	8,51	8,22	7,26	3,1	7 297,9
1992-07	3,25	6,02	8,13	8,07	6,84	3,2	7 369,5
1992-08	3,3	6	7,98	7,95	6,59	3,1	7 369,5
1992-09	3,22	6	7,92	7,92	6,42	3	7 369,5
1992-10	3,1	6	8,09	7,99	6,59	3,2	7 450,7
1992-11	3,09	6	8,31	8,1	6,87	3	7 450,7
1992-12	2,92	6	8,22	7,98	6,77	2,9	7 450,7
1993-01	3,02	6	8,02	7,91	6,6	3,3	7 459,7
1993-02	3,03	6	7,68	7,71	6,26	3,2	7 459,7
1993-03	3,07	6	7,5	7,58	5,98	3,1	7 459,7
1993-04	2,96	6	7,47	7,46	5,97	3,2	7 497,5
1993-05	3	6	7,47	7,43	6,04	3,2	7 497,5
1993-06	3,04	6	7,42	7,33	5,96	3	7 497,5
1993-07	3,06	6	7,21	7,17	5,81	2,8	7 536,0
1993-08	3,03	6	7,11	6,85	5,68	2,8	7 536,0
1993-09	3,09	6	6,92	6,66	5,36	2,7	7 536,0
1993-10	2,99	6	6,83	6,67	5,33	2,8	7 637,4
1993-11	3,02	6	7,16	6,93	5,72	2,7	7 637,4
1993-12	2,96	6	7,17	6,93	5,77	2,7	7 637,4
1994-01	3,05	6	7,06	6,92	5,75	2,5	7 715,1
1994-02	3,25	6	7,15	7,08	5,97	2,5	7 715,1
1994-03	3,34	6,06	7,68	7,48	6,48	2,5	7 715,1
1994-04	3,56	6,45	8,32	7,88	6,97	2,4	7 815,7
1994-05	4,01	6,99	8,6	7,99	7,18	2,3	7 815,7
1994-06	4,25	7,25	8,4	7,97	7,1	2,5	7 815,7
1994-07	4,26	7,25	8,61	8,11	7,3	2,8	7 859,5
1994-08	4,47	7,51	8,51	8,07	7,24	2,9	7 859,5
1994-09	4,73	7,75	8,64	8,34	7,46	3	7 859,5
1994-10	4,76	7,75	8,93	8,57	7,74	2,6	7 951,6
1994-11	5,29	8,15	9,17	8,68	7,96	2,7	7 951,6
1994-12	5,45	8,5	9,2	8,46	7,81	2,7	7 951,6
1995-01	5,53	8,5	9,15	8,46	7,78	2,8	7 973,7
1995-02	5,92	9	8,83	8,26	7,47	2,9	7 973,7
1995-03	5,98	9	8,46	8,12	7,2	2,9	7 973,7
1995-04	6,05	9	8,32	8,03	7,06	3,1	7 988,0
1995-05	6,01	9	7,96	7,65	6,63	3,2	7 988,0
1995-06	6	9	7,57	7,3	6,17	3	7 988,0
1995-07	5,85	8,8	7,61	7,41	6,28	2,8	8 053,1
1995-08	5,74	8,75	7,86	7,57	6,49	2,6	8 053,1
1995-09	5,8	8,75	7,64	7,32	6,2	2,5	8 053,1
1995-10	5,76	8,75	7,48	7,12	6,04	2,8	8 112,0
1995-11	5,8	8,75	7,38	7,02	5,93	2,6	8 112,0
1995-12	5,6	8,65	7,2	6,82	5,71	2,5	8 112,0
1996-01	5,56	8,5	7,03	6,81	5,65	2,7	8 169,2
1996-02	5,22	8,25	7,08	6,99	5,81	2,7	8 169,2
1996-03	5,31	8,25	7,62	7,35	6,27	2,8	8 169,2
1996-04	5,22	8,25	7,93	7,5	6,51	2,9	8 303,1
1996-05	5,24	8,25	8,07	7,62	6,74	2,9	8 303,1
1996-06	5,27	8,25	8,32	7,71	6,91	2,8	8 303,1
1996-07	5,4	8,25	8,24	7,65	6,87	3	8 372,7
1996-08	5,22	8,25	8	7,46	6,64	2,9	8 372,7
1996-09	5,3	8,25	8,23	7,66	6,83	3	8 372,7
1996-10	5,24	8,25	7,92	7,39	6,53	3	8 470,6
1996-11	5,31	8,25	7,62	7,1	6,2	3,3	8 470,6
1996-12	5,29	8,25	7,6	7,2	6,3	3,3	8 470,6
1997-01	5,25	8,25	7,82	7,42	6,58	3	8 536,1
1997-02	5,19	8,25	7,65	7,31	6,42	3	8 536,1
1997-03	5,39	8,3	7,9	7,55	6,69	2,8	8 536,1
1997-04	5,51	8,5	8,14	7,73	6,89	2,5	8 665,8
1997-05	5,5	8,5	7,94	7,58	6,71	2,2	8 665,8
1997-06	5,56	8,5	7,69	7,41	6,49	2,3	8 665,8
1997-07	5,52	8,5	7,5	7,14	6,22	2,2	8 773,7
1997-08	5,54	8,5	7,48	7,22	6,3	2,2	8 773,7
1997-09	5,54	8,5	7,43	7,15	6,21	2,2	8 773,7
1997-10	5,5	8,5	7,29	7	6,03	2,1	8 838,4
1997-11	5,52	8,5	7,21	6,87	5,88	1,8	8 838,4
1997-12	5,5	8,5	7,1	6,76	5,81	1,7	8 838,4
1998-01	5,56	8,5	6,99	6,61	5,54	1,6	8 936,2
1998-02	5,51	8,5	7,04	6,67	5,57	1,4	8 936,2
1998-03	5,49	8,5	7,13	6,72	5,65	1,4	8 936,2
1998-04	5,45	8,5	7,14	6,69	5,64	1,4	8 995,3
1998-05	5,49	8,5	7,14	6,69	5,65	1,7	8 995,3
1998-06	5,56	8,5	7	6,53	5,5	1,7	8 995,3
1998-07	5,54	8,5	6,95	6,55	5,46	1,7	9 098,9
1998-08	5,55	8,5	6,92	6,52	5,34	1,6	9 098,9
1998-09	5,51	8,49	6,72	6,4	4,81	1,5	9 098,9
1998-10	5,07	8,12	6,71	6,37	4,53	1,5	9 237,1
1998-11	4,83	7,89	6,87	6,41	4,83	1,5	9 237,1
1998-12	4,68	7,75	6,72	6,22	4,65	1,6	9 237,1
1999-01	4,63	7,75	6,79	6,24	4,72	1,7	9 315,5
1999-02	4,76	7,75	6,81	6,4	5	1,6	9 315,5
1999-03	4,81	7,75	7,04	6,62	5,23	1,7	9 315,5
1999-04	4,74	7,75	6,92	6,64	5,18	2,3	9 392,6
1999-05	4,74	7,75	7,15	6,93	5,54	2,1	9 392,6
1999-06	4,76	7,75	7,55	7,23	5,9	2	9 392,6
1999-07	4,99	8	7,63	7,19	5,79	2,1	9 502,2
1999-08	5,07	8,06	7,94	7,4	5,94	2,3	9 502,2
1999-09	5,22	8,25	7,82	7,39	5,92	2,6	9 502,2
1999-10	5,2	8,25	7,85	7,55	6,11	2,6	9 671,1
1999-11	5,42	8,37	7,74	7,36	6,03	2,6	9 671,1
1999-12	5,3	8,5	7,91	7,55	6,28	2,7	9 671,1
2000-01	5,45	8,5	8,21	7,78	6,66	2,7	9 695,6
2000-02	5,73	8,73	8,32	7,68	6,52	3,2	9 695,6
2000-03	5,85	8,83	8,24	7,68	6,26	3,8	9 695,6
2000-04	6,02	9	8,15	7,64	5,99	3,1	9 847,9
2000-05	6,27	9,24	8,52	7,99	6,44	3,2	9 847,9
2000-06	6,53	9,5	8,29	7,67	6,1	3,7	9 847,9
2000-07	6,54	9,5	8,15	7,65	6,05	3,7	9 836,6
2000-08	6,5	9,5	8,03	7,55	5,83	3,4	9 836,6
2000-09	6,52	9,5	7,91	7,62	5,8	3,5	9 836,6
2000-10	6,51	9,5	7,8	7,55	5,74	3,4	9 887,7
2000-11	6,51	9,5	7,75	7,45	5,72	3,4	9 887,7
2000-12	6,4	9,5	7,38	7,21	5,24	3,4	9 887,7
2001-01	5,98	9,05	7,03	7,15	5,16	3,7	9 875,6
2001-02	5,49	8,5	7,05	7,1	5,1	3,5	9 875,6
2001-03	5,31	8,32	6,95	6,98	4,89	2,9	9 875,6
2001-04	4,8	7,8	7,08	7,2	5,14	3,3	9 905,9
2001-05	4,21	7,24	7,15	7,29	5,39	3,6	9 905,9
2001-06	3,97	6,98	7,16	7,18	5,28	3,2	9 905,9
2001-07	3,77	6,75	7,13	7,13	5,24	2,7	9 871,1
2001-08	3,65	6,67	6,95	7,02	4,97	2,7	9 871,1
2001-09	3,07	6,28	6,82	7,17	4,73	2,6	9 871,1
2001-10	2,49	5,53	6,62	7,03	4,57	2,1	9 910,0
2001-11	2,09	5,1	6,66	6,97	4,65	1,9	9 910,0
2001-12	1,82	4,84	7,07	6,77	5,09	1,6	9 910,0
2002-01	1,73	4,75	7	6,55	5,04	1,1	9 977,3
2002-02	1,74	4,75	6,89	6,51	4,91	1,1	9 977,3
2002-03	1,73	4,75	7,01	6,81	5,28	1,5	9 977,3
2002-04	1,75	4,75	6,99	6,76	5,21	1,6	10 031,6
2002-05	1,75	4,75	6,81	6,75	5,16	1,2	10 031,6
2002-06	1,75	4,75	6,65	6,63	4,93	1,1	10 031,6
2002-07	1,73	4,75	6,49	6,53	4,65	1,5	10 090,7
2002-08	1,74	4,75	6,29	6,37	4,26	1,8	10 090,7
2002-09	1,75	4,75	6,09	6,15	3,87	1,5	10 090,7
2002-10	1,75	4,75	6,11	6,32	3,94	2	10 095,8
2002-11	1,34	4,35	6,07	6,31	4,05	2,2	10 095,8
2002-12	1,24	4,25	6,05	6,21	4,03	2,4	10 095,8
2003-01	1,24	4,25	5,92	6,17	4,05	2,6	10 126,0
2003-02	1,26	4,25	5,84	5,95	3,9	3	10 126,0
2003-03	1,25	4,25	5,75	5,89	3,81	3	10 126,0
2003-04	1,26	4,25	5,81	5,74	3,96	2,2	10 212,7
2003-05	1,26	4,25	5,48	5,22	3,57	2,1	10 212,7
2003-06	1,22	4,22	5,23	4,97	3,33	2,1	10 212,7
2003-07	1,01	4	5,63	5,49	3,98	2,1	10 398,7
2003-08	1,03	4	6,26	5,88	4,45	2,2	10 398,7
2003-09	1,01	4	6,15	5,72	4,27	2,3	10 398,7
2003-10	1,01	4	5,95	5,7	4,29	2	10 467,0
2003-11	1	4	5,93	5,65	4,3	1,8	10 467,0
2003-12	0,98	4	5,88	5,62	4,27	1,9	10 467,0
2004-01	1	4	5,74	5,54	4,15	1,9	10 566,3
2004-02	1,01	4	5,64	5,5	4,08	1,7	10 566,3
2004-03	1	4	5,45	5,33	3,83	1,7	10 566,3
2004-04	1	4	5,83	5,73	4,35	2,3	10 671,5
2004-05	1	4	6,27	6,04	4,72	3,1	10 671,5
2004-06	1,03	4,01	6,29	6,01	4,73	3,3	10 671,5
2004-07	1,26	4,25	6,06	5,82	4,5	3	10 753,3
2004-08	1,43	4,43	5,87	5,65	4,28	2,7	10 753,3
2004-09	1,61	4,58	5,75	5,46	4,13	2,5	10 753,3
2004-10	1,76	4,75	5,72	5,47	4,1	3,2	10 822,9
2004-11	1,93	4,93	5,73	5,52	4,19	3,5	10 822,9
2004-12	2,16	5,15	5,75	5,47	4,23	3,3	10 822,9
2005-01	2,28	5,25	5,71	5,36	4,22	3	10 913,8
2005-02	2,5	5,49	5,63	5,2	4,17	3	10 913,8
2005-03	2,63	5,58	5,93	5,4	4,5	3,1	10 913,8
2005-04	2,79	5,75	5,86	5,33	4,34	3,5	11 001,8
2005-05	3	5,98	5,72	5,15	4,14	2,8	11 001,8
2005-06	3,04	6,01	5,58	4,96	4	2,5	11 001,8
2005-07	3,26	6,25	5,7	5,06	4,18	3,2	11 115,1
2005-08	3,5	6,44	5,82	5,09	4,26	3,6	11 115,1
2005-09	3,62	6,59	5,77	5,13	4,2	4,7	11 115,1
2005-10	3,78	6,75	6,07	5,35	4,46	4,3	11 163,8
2005-11	4	7	6,33	5,42	4,54	3,5	11 163,8
2005-12	4,16	7,15	6,27	5,37	4,47	3,4	11 163,8
2006-01	4,29	7,26	6,15	5,29	4,42	4	11 316,4
2006-02	4,49	7,5	6,25	5,35	4,57	3,6	11 316,4
2006-03	4,59	7,53	6,32	5,53	4,72	3,4	11 316,4
2006-04	4,79	7,75	6,51	5,84	4,99	3,5	11 385,3
2006-05	4,94	7,93	6,6	5,95	5,11	4,2	11 385,3
2006-06	4,99	8,02	6,68	5,89	5,11	4,3	11 385,3
2006-07	5,24	8,25	6,76	5,85	5,09	4,1	
